0, analog #0, 328, 327, 11, 11 
1, analog #1, 344, 327, 11, 11 
2, analog #2, 360, 327, 11, 11 
3, analog #3, 377, 327, 11, 11 
4, analog #4, 394, 327, 11, 11 
5, analog #5, 411, 327, 11, 11 
6, digital #2, 377, 12, 11, 11 
7, digital #3, 360, 12, 11, 11 
8, digital #4, 344, 12, 11, 11 
9, digital #5, 328, 12, 11, 11 
10, digital #6, 311, 12, 11, 11 
11, digital #7, 294, 12, 11, 11 
12, digital #8, 267, 12, 11, 11 
13, digital #9, 251, 12, 11, 11 
14, digital #10, 234, 12, 11, 11 
15, digital #11, 218, 12, 11, 11 
16, digital #12, 201, 12, 11, 11 
17, digital #13, 184, 12, 11, 11 