0, analog #0, 232, 209, 8, 8
1, analog #1, 243, 209, 8, 8  
2, analog #2, 254, 209, 8, 8
3, analog #3, 265, 209, 8, 8
4, analog #4, 276, 209, 8, 8
5, analog #5, 287, 209, 8, 8
6, analog #6, 298, 209, 8, 8
7, analog #7, 309, 209, 8, 8
8, analog #8, 327, 209, 8, 8
9, analog #9, 338, 209, 8, 8
10, analog #10, 349, 209, 8, 8
11, analog #11, 360, 209, 8, 8
12, analog #12, 371, 209, 8, 8
13, analog #13, 382, 209, 8, 8
14, analog #14, 393, 209, 8, 8
15, analog #15, 404, 209, 8, 8
16, digital #22, 415, 18, 8, 8
17, digital #24, 415, 28, 8, 8
18, digital #26, 415, 39, 8, 8
19, digital #28, 415, 49, 8, 8
20, digital #30, 415, 60, 8, 8
21, digital #31, 424, 60, 8, 8
22, digital #32, 415, 71, 8, 8
23, digital #33, 424, 71, 8, 8
24, digital #34, 415, 81, 8, 8
25, digital #35, 424, 81, 8, 8
26, digital #36, 415, 92, 8, 8
27, digital #37, 424, 92, 8, 8
28, digital #38, 415, 102, 8, 8
29, digital #39, 424, 102, 8, 8
30, digital #40, 415, 113, 8, 8
31, digital #41, 424, 113, 8, 8
32, digital #42, 415, 124, 8, 8
33, digital #43, 424, 124, 8, 8
34, digital #44, 415, 	134, 8, 8
35, digital #45, 424, 134, 8, 8
36, digital #46, 415, 145, 8, 8
37, digital #47, 424, 145, 8, 8
38, digital #48, 415,156, 8, 8
39, digital #49, 424, 156, 8, 8
40, digital #50, 415, 166, 8, 8
41, digital #51, 424, 166, 8, 8
42, digital #52, 415, 176, 8, 8
43, digital #53,  424, 176, 8, 8
44, communication #21, 383, 6, 8, 8 
45, communication #20, 372, 6, 8, 8
46, communication #19, 361, 6, 8, 8
47, communication #18, 350, 6, 8, 8
48, communication #17, 339, 6, 8, 8
49, communication #16, 328, 6, 8, 8
50, communication #15, 317, 6, 8, 8
51, communication #14, 306, 6, 8, 8
52, communication #0, 287, 6, 8, 8
53, communication #1, 276, 6, 8, 8
54, pwm #2, 265, 6, 8, 8
55, pwm #3, 254, 6, 8, 8
56, pwm #4, 243, 6, 8, 8
57, pwm #5, 232, 6, 8, 8
58, pwm #6, 221, 6, 8, 8
59, pwm #7, 210, 6, 8, 8
60, pwm #8, 297, 6, 8, 8
61, pwm #9, 186, 6, 8, 8
62, pwm #10, 175, 6, 8, 8
63, pwm #11, 164, 6, 8, 8
64, pwm #12, 153, 6, 8, 8
65, pwm #13, 142, 6, 8, 8