0, input #0, 25, 319, 11, 21
1, input #1, 44, 319, 11, 21
2, input #2, 63, 319, 11, 21
3, input #3, 82, 319, 11, 21
4, input #4, 101, 319, 11, 21
5, input #5, 120, 319, 11, 21
6, input #6, 139, 319, 11, 21
7, input #7, 157, 319, 11, 21
8, input #8, 27, 9, 11, 21
9, input #9, 46, 9, 11, 21
10, input #10, 65, 9, 11, 21
11, input #11, 84, 9, 11, 21
12, input #12, 103, 9, 11, 21
13, input #13, 122, 9, 11, 21
14, input #14, 141, 9, 11, 21
15, input #15, 159, 9, 11, 21
16, output #0, 200, 319, 11, 21
17, output #1, 237, 319, 11, 21
18, output #2, 256, 319, 11, 21
19, output #3, 294, 319, 11, 21
20, output #4, 313, 319, 11, 21
21, output #5, 351, 319, 11, 21
22, output #6, 369, 319, 11, 21
23, output #7, 410, 319, 11, 21
24, output #8, 201, 9, 11, 21
25, output #9, 238, 9, 11, 21
26, output #10, 257, 9, 11, 21
27, output #11, 295, 9, 11, 21
28, output #12, 314, 9, 11, 21
29, output #13, 352, 9, 11, 21
30, output #14, 370, 9, 11, 21
31, output #15, 411, 9, 11, 21